FX.DemoWindow_0=1284.800048828125,344,500.79998779296875,266.3999938964844,N
FX.DemoWindow_0.layout=H(DividerData[0.3334703947368421\2C0.6665296052631579]),3,T,1,P,Red,T,1,P,Blue,T,1,P,Green
FX.DemoWindow_0.S.0.T.tab=0
FX.DemoWindow_0.S.1.T.tab=0
FX.DemoWindow_0.S.2.T.tab=0
FX.DemoWindow_0.StackPane.StackPane.BorderPane.BorderPane.FxDockSplitPane.StackPane.FxDockTabPane.SEL=0
FX.WINDOWS=1,DemoWindow,0
